10 90 10
1 2 2778
3 2 8336
2 4 6650
2 5 28
6 1 7764
5 7 3427
3 8 5212
9 1 6430
9 10 2863
4 8 3136
10 3 4023
9 10 8168
4 7 5012
3 10 7374
2 10 3785
8 9 4325
6 1 6414
7 2 8981
7 4 6863
1 7 7282
6 5 6328
7 6 847
10 4 5858
5 6 9583
6 5 3368
5 4 3751
8 9 7277
9 5 5404
2 5 2400
3 1 9677
9 10 13
7 5 7540
6 1 1435
9 8 6602
8 3 3318
3 7 7302
1 7 9442
6 10 8445
10 1 4730
2 8 8098
2 6 710
8 7 9498
4 7 6966
7 4 6220
5 9 2872
3 10 9504
10 1 3369
9 6 6341
10 7 724
9 6 2847
2 6 2380
9 5 8229
2 1 5194
1 5 7765
5 8 5857
4 2 2228
6 10 1937
3 2 6438
9 6 5408
5 2 8859
6 10 1238
6 4 5819
9 4 1012
9 10 8777
5 4 5764
4 9 8607
1 5 4819
9 10 7918
8 7 3325
4 1 2184
1 10 9773
6 5 5591
6 10 2955
7 10 8083
3 5 198
8 6 8805
9 2 3623
9 10 7344
7 9 4341
3 2 3811
6 2 5662
1 9 1306
1 7 9445
7 3 3466
9 7 8283
9 5 7638
3 5 2601
7 3 1900
10 1 7469
2 4 7132
1 8
1 10
1 3
1 9
1 2
1 6
1 5
1 4
1 7
4 1
